4.000000000000000348e-07
4.000000000000000348e-07
4.000000000000000348e-07
4.000000000000000348e-07
4.000000000000000348e-07
4.000000000000000348e-07
4.000000000000000348e-07
4.000000000000000348e-07
4.000000000000000348e-07
4.000000000000000348e-07
4.000000000000000348e-07
4.000000000000000348e-07
4.000000000000000348e-07
4.000000000000000348e-07
4.000000000000000348e-07
4.000000000000000348e-07
4.000000000000000348e-07
4.000000000000000348e-07
4.000000000000000348e-07
4.000000000000000348e-07
4.000000000000000348e-07
4.000000000000000348e-07
4.000000000000000348e-07
4.000000000000000348e-07
4.000000000000000348e-07
3.910280000013699681e-05
3.685600000039812666e-05
3.251279999972211710e-05
3.616680000050109865e-05
3.802960000029997765e-05
3.640600000039739744e-05
3.791720000094756231e-05
3.697480000028008715e-05
3.694800000062059661e-05
3.651439999998729171e-05
3.688359999955537585e-05
3.474200000027849808e-05
3.655360000038854602e-05
4.101160000004711417e-05
3.627439999945636698e-05
3.892759999985173852e-05
3.958399999987705060e-05
3.704279999965365549e-05
4.008079999948677006e-05
3.932759999997870155e-05
4.056960000070830791e-05
3.678319999949053725e-05
4.547160000015537987e-05
3.860640000084459032e-05
3.636599999936152396e-05
1.007547399999566586e-02
1.009581080000316461e-02
1.018034600000646689e-02
1.024325440000211501e-02
1.032717680000132601e-02
3.344969480000145601e-02
3.283229079999728378e-02
3.318324240000947861e-02
3.252460799998516811e-02
3.277876759999344414e-02
