1.000000000000000021e-03 1.000000000000000021e-03 1.000000000000000021e-03
1.000000000000000021e-03 1.000000000000000021e-03 1.000000000000000021e-03
1.000000000000000021e-03 1.000000000000000021e-03 1.000000000000000021e-03
1.000000000000000021e-03 1.000000000000000021e-03 1.000000000000000021e-03
1.000000000000000021e-03 1.000000000000000021e-03 1.000000000000000021e-03
1.000000000000000021e-03 1.000000000000000021e-03 1.000000000000000021e-03
1.000000000000000021e-03 1.000000000000000021e-03 1.000000000000000021e-03
1.000000000000000021e-03 1.000000000000000021e-03 1.000000000000000021e-03
1.000000000000000021e-03 1.000000000000000021e-03 1.000000000000000021e-03
1.000000000000000021e-03 1.000000000000000021e-03 1.000000000000000021e-03
1.000000000000000021e-03 1.000000000000000021e-03 1.000000000000000021e-03
1.000000000000000021e-03 1.000000000000000021e-03 1.000000000000000021e-03
1.000000000000000021e-03 1.000000000000000021e-03 1.000000000000000021e-03
1.000000000000000021e-03 1.000000000000000021e-03 1.000000000000000021e-03
1.000000000000000021e-03 1.000000000000000021e-03 1.000000000000000021e-03
1.000000000000000021e-03 1.000000000000000021e-03 1.000000000000000021e-03
1.000000000000000021e-03 1.000000000000000021e-03 1.000000000000000021e-03
1.000000000000000021e-03 1.000000000000000021e-03 1.000000000000000021e-03
1.000000000000000021e-03 1.000000000000000021e-03 1.000000000000000021e-03
1.000000000000000021e-03 1.000000000000000021e-03 1.000000000000000021e-03
1.000000000000000021e-03 1.000000000000000021e-03 1.000000000000000021e-03
1.000000000000000021e-03 1.000000000000000021e-03 1.000000000000000021e-03
1.000000000000000021e-03 1.000000000000000021e-03 1.000000000000000021e-03
1.000000000000000021e-03 1.000000000000000021e-03 1.000000000000000021e-03
1.000000000000000021e-03 1.000000000000000021e-03 1.000000000000000021e-03
1.000000000000000021e-03 1.000000000000000021e-03 1.000000000000000021e-03
1.000000000000000021e-03 1.000000000000000021e-03 1.000000000000000021e-03
1.000000000000000021e-03 1.000000000000000021e-03 1.000000000000000021e-03
1.000000000000000021e-03 1.000000000000000021e-03 1.000000000000000021e-03
1.000000000000000021e-03 1.000000000000000021e-03 1.000000000000000021e-03
1.000000000000000021e-03 1.000000000000000021e-03 1.000000000000000021e-03
1.000000000000000021e-03 1.000000000000000021e-03 1.000000000000000021e-03
1.000000000000000021e-03 1.000000000000000021e-03 1.000000000000000021e-03
1.000000000000000021e-03 1.000000000000000021e-03 1.000000000000000021e-03
1.000000000000000021e-03 1.000000000000000021e-03 1.000000000000000021e-03
1.000000000000000021e-03 1.000000000000000021e-03 1.000000000000000021e-03
1.000000000000000021e-03 1.000000000000000021e-03 1.000000000000000021e-03
1.000000000000000021e-03 1.000000000000000021e-03 1.000000000000000021e-03
1.000000000000000021e-03 1.000000000000000021e-03 1.000000000000000021e-03
1.000000000000000021e-03 1.000000000000000021e-03 1.000000000000000021e-03
1.000000000000000021e-03 1.000000000000000021e-03 1.000000000000000021e-03
1.000000000000000021e-03 1.000000000000000021e-03 1.000000000000000021e-03
1.000000000000000021e-03 1.000000000000000021e-03 1.000000000000000021e-03
1.000000000000000021e-03 1.000000000000000021e-03 1.000000000000000021e-03
1.000000000000000021e-03 1.000000000000000021e-03 1.000000000000000021e-03
1.000000000000000021e-03 1.000000000000000021e-03 1.000000000000000021e-03
1.000000000000000021e-03 1.000000000000000021e-03 1.000000000000000021e-03
1.000000000000000021e-03 1.000000000000000021e-03 1.000000000000000021e-03
1.000000000000000021e-03 1.000000000000000021e-03 1.000000000000000021e-03
1.000000000000000021e-03 1.000000000000000021e-03 1.000000000000000021e-03
1.000000000000000021e-03 1.000000000000000021e-03 1.000000000000000021e-03
1.000000000000000021e-03 1.000000000000000021e-03 1.000000000000000021e-03
1.000000000000000021e-03 1.000000000000000021e-03 1.000000000000000021e-03
1.000000000000000021e-03 1.000000000000000021e-03 1.000000000000000021e-03
1.000000000000000021e-03 1.000000000000000021e-03 1.000000000000000021e-03
1.000000000000000021e-03 1.000000000000000021e-03 1.000000000000000021e-03
1.000000000000000021e-03 1.000000000000000021e-03 1.000000000000000021e-03
1.000000000000000021e-03 1.000000000000000021e-03 1.000000000000000021e-03
1.000000000000000021e-03 1.000000000000000021e-03 1.000000000000000021e-03
1.000000000000000021e-03 1.000000000000000021e-03 1.000000000000000021e-03
1.000000000000000021e-03 1.000000000000000021e-03 1.000000000000000021e-03
1.000000000000000021e-03 1.000000000000000021e-03 1.000000000000000021e-03
1.000000000000000021e-03 1.000000000000000021e-03 1.000000000000000021e-03
1.000000000000000021e-03 1.000000000000000021e-03 1.000000000000000021e-03
1.000000000000000021e-03 1.000000000000000021e-03 1.000000000000000021e-03
1.000000000000000021e-03 1.000000000000000021e-03 1.000000000000000021e-03
1.000000000000000021e-03 1.000000000000000021e-03 1.000000000000000021e-03
1.000000000000000021e-03 1.000000000000000021e-03 1.000000000000000021e-03
1.000000000000000021e-03 1.000000000000000021e-03 1.000000000000000021e-03
1.000000000000000021e-03 1.000000000000000021e-03 1.000000000000000021e-03
1.000000000000000021e-03 1.000000000000000021e-03 1.000000000000000021e-03
1.000000000000000021e-03 1.000000000000000021e-03 1.000000000000000021e-03
1.000000000000000021e-03 1.000000000000000021e-03 1.000000000000000021e-03
1.000000000000000021e-03 1.000000000000000021e-03 1.000000000000000021e-03
1.000000000000000021e-03 1.000000000000000021e-03 1.000000000000000021e-03
1.000000000000000021e-03 1.000000000000000021e-03 1.000000000000000021e-03
1.000000000000000021e-03 1.000000000000000021e-03 1.000000000000000021e-03
1.000000000000000021e-03 1.000000000000000021e-03 1.000000000000000021e-03
1.000000000000000021e-03 1.000000000000000021e-03 1.000000000000000021e-03
1.000000000000000021e-03 1.000000000000000021e-03 1.000000000000000021e-03
1.000000000000000021e-03 1.000000000000000021e-03 1.000000000000000021e-03
1.000000000000000021e-03 1.000000000000000021e-03 1.000000000000000021e-03
1.000000000000000021e-03 1.000000000000000021e-03 1.000000000000000021e-03
1.000000000000000021e-03 1.000000000000000021e-03 1.000000000000000021e-03
1.000000000000000021e-03 1.000000000000000021e-03 1.000000000000000021e-03
1.000000000000000021e-03 1.000000000000000021e-03 1.000000000000000021e-03
1.000000000000000021e-03 1.000000000000000021e-03 1.000000000000000021e-03
1.000000000000000021e-03 1.000000000000000021e-03 1.000000000000000021e-03
1.000000000000000021e-03 1.000000000000000021e-03 1.000000000000000021e-03
1.000000000000000021e-03 1.000000000000000021e-03 1.000000000000000021e-03
1.000000000000000021e-03 1.000000000000000021e-03 1.000000000000000021e-03
1.000000000000000021e-03 1.000000000000000021e-03 1.000000000000000021e-03
1.000000000000000021e-03 1.000000000000000021e-03 1.000000000000000021e-03
1.000000000000000021e-03 1.000000000000000021e-03 1.000000000000000021e-03
1.000000000000000021e-03 1.000000000000000021e-03 1.000000000000000021e-03
1.000000000000000021e-03 1.000000000000000021e-03 1.000000000000000021e-03
1.000000000000000021e-03 1.000000000000000021e-03 1.000000000000000021e-03
1.000000000000000021e-03 1.000000000000000021e-03 1.000000000000000021e-03
1.000000000000000021e-03 1.000000000000000021e-03 1.000000000000000021e-03
1.000000000000000021e-03 1.000000000000000021e-03 1.000000000000000021e-03
1.602307504507172230e-03 1.602307504507172230e-03 1.602307504507172230e-03
2.892794547215499223e-03 2.892794547215499223e-03 2.892794547215499223e-03
2.782853729070212685e-03 2.782853729070212685e-03 2.782853729070212685e-03
2.212164399745189178e-03 2.212164399745189178e-03 2.212164399745189178e-03
2.145522648796823091e-03 2.145522648796823091e-03 2.145522648796823091e-03
1.591771468176276464e-03 1.591771468176276464e-03 1.591771468176276464e-03
2.398730976787529293e-03 2.398730976787529293e-03 2.398730976787529293e-03
2.281083318973692233e-03 2.281083318973692233e-03 2.281083318973692233e-03
2.575348481739896545e-03 2.575348481739896545e-03 2.575348481739896545e-03
1.672674075066648506e-03 1.672674075066648506e-03 1.672674075066648506e-03
2.034869555868370778e-03 2.034869555868370778e-03 2.034869555868370778e-03
1.921701799915907435e-03 1.921701799915907435e-03 1.921701799915907435e-03
1.840132187670251917e-03 1.840132187670251917e-03 1.840132187670251917e-03
1.167771575780114082e-03 1.167771575780114082e-03 1.167771575780114082e-03
2.193008532815110805e-03 2.193008532815110805e-03 2.193008532815110805e-03
1.930402676179270895e-03 1.930402676179270895e-03 1.930402676179270895e-03
1.553380524597887955e-03 1.553380524597887955e-03 1.553380524597887955e-03
2.880443658987312961e-03 2.880443658987312961e-03 2.880443658987312961e-03
2.528326674324390608e-03 2.528326674324390608e-03 2.528326674324390608e-03
1.460346190942414177e-03 1.460346190942414177e-03 1.460346190942414177e-03
2.420266002260920094e-03 2.420266002260920094e-03 2.420266002260920094e-03
1.000000000000000021e-03 1.000000000000000021e-03 1.000000000000000021e-03
2.470920464219786890e-03 2.470920464219786890e-03 2.470920464219786890e-03
2.901100038485411679e-03 2.901100038485411679e-03 2.901100038485411679e-03
3.310692489827488528e-03 3.310692489827488528e-03 3.310692489827488528e-03
2.461976643349826806e-03 2.461976643349826806e-03 2.461976643349826806e-03
1.871980687774326942e-03 1.871980687774326942e-03 1.871980687774326942e-03
1.747713939922676931e-03 1.747713939922676931e-03 1.747713939922676931e-03
2.848041756821713746e-03 2.848041756821713746e-03 2.848041756821713746e-03
1.627006220332322768e-03 1.627006220332322768e-03 1.627006220332322768e-03
2.680785609779348308e-03 2.680785609779348308e-03 2.680785609779348308e-03
1.753359988621876111e-03 1.753359988621876111e-03 1.753359988621876111e-03
1.858010765038753918e-03 1.858010765038753918e-03 1.858010765038753918e-03
2.444955959235251518e-03 2.444955959235251518e-03 2.444955959235251518e-03
2.418469247127211837e-03 2.418469247127211837e-03 2.418469247127211837e-03
2.759805327717880334e-03 2.759805327717880334e-03 2.759805327717880334e-03
2.162013136222804260e-03 2.162013136222804260e-03 2.162013136222804260e-03
1.827427809846455045e-03 1.827427809846455045e-03 1.827427809846455045e-03
2.118142026352333018e-03 2.118142026352333018e-03 2.118142026352333018e-03
2.476198792120700830e-03 2.476198792120700830e-03 2.476198792120700830e-03
1.497967565336387951e-03 1.497967565336387951e-03 1.497967565336387951e-03
1.971884432592331451e-03 1.971884432592331451e-03 1.971884432592331451e-03
3.452148709514147890e-03 3.452148709514147890e-03 3.452148709514147890e-03
1.860245152526955213e-03 1.860245152526955213e-03 1.860245152526955213e-03
1.312811689504622117e-03 1.312811689504622117e-03 1.312811689504622117e-03
1.740565120873152757e-03 1.740565120873152757e-03 1.740565120873152757e-03
3.002845809977615441e-03 3.002845809977615441e-03 3.002845809977615441e-03
3.483920742453833815e-03 3.483920742453833815e-03 3.483920742453833815e-03
2.550599978593279943e-03 2.550599978593279943e-03 2.550599978593279943e-03
2.484625750349547541e-03 2.484625750349547541e-03 2.484625750349547541e-03
2.338240716735655311e-03 2.338240716735655311e-03 2.338240716735655311e-03
2.608784800132034690e-03 2.608784800132034690e-03 2.608784800132034690e-03
2.651690199646307249e-03 2.651690199646307249e-03 2.651690199646307249e-03
1.237499717414097290e-03 1.237499717414097290e-03 1.237499717414097290e-03
1.451148331356932105e-03 1.451148331356932105e-03 1.451148331356932105e-03
2.285854298550076946e-03 2.285854298550076946e-03 2.285854298550076946e-03
1.652908940202041464e-03 1.652908940202041464e-03 1.652908940202041464e-03
2.431272468975792609e-03 2.431272468975792609e-03 2.431272468975792609e-03
2.953363404814920816e-03 2.953363404814920816e-03 2.953363404814920816e-03
2.437496383628104044e-03 2.437496383628104044e-03 2.437496383628104044e-03
2.762957630601651973e-03 2.762957630601651973e-03 2.762957630601651973e-03
3.087687381342252031e-03 3.087687381342252031e-03 3.087687381342252031e-03
2.262610465148577176e-03 2.262610465148577176e-03 2.262610465148577176e-03
2.971735239031251911e-03 2.971735239031251911e-03 2.971735239031251911e-03
2.911896239136969097e-03 2.911896239136969097e-03 2.911896239136969097e-03
2.949174555193357153e-03 2.949174555193357153e-03 2.949174555193357153e-03
1.428860976582433740e-03 1.428860976582433740e-03 1.428860976582433740e-03
2.297177158753696026e-03 2.297177158753696026e-03 2.297177158753696026e-03
2.593800671177336203e-03 2.593800671177336203e-03 2.593800671177336203e-03
1.307841624547813331e-03 1.307841624547813331e-03 1.307841624547813331e-03
1.000000000000000021e-03 1.000000000000000021e-03 1.000000000000000021e-03
2.391377697876280288e-03 2.391377697876280288e-03 2.391377697876280288e-03
1.062653188109782950e-03 1.062653188109782950e-03 1.062653188109782950e-03
2.886828250329437438e-03 2.886828250329437438e-03 2.886828250329437438e-03
3.191834001369718739e-03 3.191834001369718739e-03 3.191834001369718739e-03
3.098037525466710174e-03 3.098037525466710174e-03 3.098037525466710174e-03
3.718322907360132375e-03 3.718322907360132375e-03 3.718322907360132375e-03
2.483146667597412992e-03 2.483146667597412992e-03 2.483146667597412992e-03
2.168157695856102324e-03 2.168157695856102324e-03 2.168157695856102324e-03
4.175246598753181229e-03 4.175246598753181229e-03 4.175246598753181229e-03
1.410116100539233943e-03 1.410116100539233943e-03 1.410116100539233943e-03
1.001917585916625199e-02 1.001917585916625199e-02 1.001917585916625199e-02
1.120530860306837928e-03 1.120530860306837928e-03 1.120530860306837928e-03
1.971894446870824276e-03 1.971894446870824276e-03 1.971894446870824276e-03
1.364938186512490133e-03 1.364938186512490133e-03 1.364938186512490133e-03
1.472582037578910527e-03 1.472582037578910527e-03 1.472582037578910527e-03
1.000000000000000021e-03 1.000000000000000021e-03 1.000000000000000021e-03
1.000000000000000021e-03 1.000000000000000021e-03 1.000000000000000021e-03
2.086554629263274313e-03 2.086554629263274313e-03 2.086554629263274313e-03
1.000000000000000021e-03 1.000000000000000021e-03 1.000000000000000021e-03
1.000000000000000021e-03 1.000000000000000021e-03 1.000000000000000021e-03
1.000000000000000021e-03 1.000000000000000021e-03 1.000000000000000021e-03
1.859164785031154838e-03 1.859164785031154838e-03 1.859164785031154838e-03
2.597683289798660700e-03 2.597683289798660700e-03 2.597683289798660700e-03
1.000000000000000021e-03 1.000000000000000021e-03 1.000000000000000021e-03
3.126452759326361387e-03 3.126452759326361387e-03 3.126452759326361387e-03
1.051879010437943183e-03 1.051879010437943183e-03 1.051879010437943183e-03
1.339911715673849230e-03 1.339911715673849230e-03 1.339911715673849230e-03
1.944016755123262980e-03 1.944016755123262980e-03 1.944016755123262980e-03
1.801102768111821498e-03 1.801102768111821498e-03 1.801102768111821498e-03
2.107109230153992457e-03 2.107109230153992457e-03 2.107109230153992457e-03
1.141451351087769024e-03 1.141451351087769024e-03 1.141451351087769024e-03
1.476580595734628635e-03 1.476580595734628635e-03 1.476580595734628635e-03
1.881804665234958641e-03 1.881804665234958641e-03 1.881804665234958641e-03
1.287983534405654201e-03 1.287983534405654201e-03 1.287983534405654201e-03
1.513842421720285047e-03 1.513842421720285047e-03 1.513842421720285047e-03
1.412005748607321129e-03 1.412005748607321129e-03 1.412005748607321129e-03
2.176621629245766281e-03 2.176621629245766281e-03 2.176621629245766281e-03
2.023053886973809421e-03 2.023053886973809421e-03 2.023053886973809421e-03
1.427034598669527999e-03 1.427034598669527999e-03 1.427034598669527999e-03
1.000000000000000021e-03 1.000000000000000021e-03 1.000000000000000021e-03
9.606066043230176293e-03 9.606066043230176293e-03 9.606066043230176293e-03
1.000000000000000021e-03 1.000000000000000021e-03 1.000000000000000021e-03
1.029518462243378439e-03 1.029518462243378439e-03 1.029518462243378439e-03
1.289894038245016292e-03 1.289894038245016292e-03 1.289894038245016292e-03
1.000000000000000021e-03 1.000000000000000021e-03 1.000000000000000021e-03
1.000000000000000021e-03 1.000000000000000021e-03 1.000000000000000021e-03
1.000000000000000021e-03 1.000000000000000021e-03 1.000000000000000021e-03
1.257444168025005074e-03 1.257444168025005074e-03 1.257444168025005074e-03
2.272299181247946533e-03 2.272299181247946533e-03 2.272299181247946533e-03
1.000000000000000021e-03 1.000000000000000021e-03 1.000000000000000021e-03
1.831515236436734046e-03 1.831515236436734046e-03 1.831515236436734046e-03
1.825652874425991775e-03 1.825652874425991775e-03 1.825652874425991775e-03
1.271341194251259009e-03 1.271341194251259009e-03 1.271341194251259009e-03
1.730028755050052854e-03 1.730028755050052854e-03 1.730028755050052854e-03
9.923094328121603164e-03 9.923094328121603164e-03 9.923094328121603164e-03
2.364908851435911993e-03 2.364908851435911993e-03 2.364908851435911993e-03
1.000000000000000021e-03 1.000000000000000021e-03 1.000000000000000021e-03
1.000000000000000021e-03 1.000000000000000021e-03 1.000000000000000021e-03
1.710588906224972316e-03 1.710588906224972316e-03 1.710588906224972316e-03
1.928952372895720866e-03 1.928952372895720866e-03 1.928952372895720866e-03
9.463481837875521718e-03 9.463481837875521718e-03 9.463481837875521718e-03
1.000000000000000021e-03 1.000000000000000021e-03 1.000000000000000021e-03
1.057218036026656878e-03 1.057218036026656878e-03 1.057218036026656878e-03
1.000000000000000021e-03 1.000000000000000021e-03 1.000000000000000021e-03
2.082029399840422054e-03 2.082029399840422054e-03 2.082029399840422054e-03
1.735942020546813900e-03 1.735942020546813900e-03 1.735942020546813900e-03
1.000000000000000021e-03 1.000000000000000021e-03 1.000000000000000021e-03
1.508417156127564831e-03 1.508417156127564831e-03 1.508417156127564831e-03
2.926764941449901212e-03 2.926764941449901212e-03 2.926764941449901212e-03
1.515892768964819141e-03 1.515892768964819141e-03 1.515892768964819141e-03
1.213862394754854253e-03 1.213862394754854253e-03 1.213862394754854253e-03
1.492218400704175586e-03 1.492218400704175586e-03 1.492218400704175586e-03
1.268229797039942350e-03 1.268229797039942350e-03 1.268229797039942350e-03
1.025650980877023354e-02 1.025650980877023354e-02 1.025650980877023354e-02
1.760598426955992200e-03 1.760598426955992200e-03 1.760598426955992200e-03
2.068190028164673851e-03 2.068190028164673851e-03 2.068190028164673851e-03
1.819990078516883379e-03 1.819990078516883379e-03 1.819990078516883379e-03
1.156221660668882044e-03 1.156221660668882044e-03 1.156221660668882044e-03
1.224388300867015195e-03 1.224388300867015195e-03 1.224388300867015195e-03
1.120438472964938774e-03 1.120438472964938774e-03 1.120438472964938774e-03
1.000000000000000021e-03 1.000000000000000021e-03 1.000000000000000021e-03
1.852601950500928126e-03 1.852601950500928126e-03 1.852601950500928126e-03
1.594815059779628374e-03 1.594815059779628374e-03 1.594815059779628374e-03
1.376627773219753258e-03 1.376627773219753258e-03 1.376627773219753258e-03
1.926159657141640353e-03 1.926159657141640353e-03 1.926159657141640353e-03
1.000000000000000021e-03 1.000000000000000021e-03 1.000000000000000021e-03
2.059724379959651606e-03 2.059724379959651606e-03 2.059724379959651606e-03
2.174407114962638530e-03 2.174407114962638530e-03 2.174407114962638530e-03
2.097365705855780849e-03 2.097365705855780849e-03 2.097365705855780849e-03
2.054248686357064337e-03 2.054248686357064337e-03 2.054248686357064337e-03
1.305751305187935214e-03 1.305751305187935214e-03 1.305751305187935214e-03
1.930429163994479454e-03 1.930429163994479454e-03 1.930429163994479454e-03
1.000000000000000021e-03 1.000000000000000021e-03 1.000000000000000021e-03
1.578009966191616740e-03 1.578009966191616740e-03 1.578009966191616740e-03
2.220775187834178252e-03 2.220775187834178252e-03 2.220775187834178252e-03
1.000000000000000021e-03 1.000000000000000021e-03 1.000000000000000021e-03
1.133700662829449386e-03 1.133700662829449386e-03 1.133700662829449386e-03
1.167104426775934659e-03 1.167104426775934659e-03 1.167104426775934659e-03
1.488661476125410429e-03 1.488661476125410429e-03 1.488661476125410429e-03
1.050428154135354388e-03 1.050428154135354388e-03 1.050428154135354388e-03
3.428739815923555808e-03 3.428739815923555808e-03 3.428739815923555808e-03
1.147215270383022652e-03 1.147215270383022652e-03 1.147215270383022652e-03
1.181448036817530885e-03 1.181448036817530885e-03 1.181448036817530885e-03
9.638350611956374853e-03 9.638350611956374853e-03 9.638350611956374853e-03
1.949478859618652233e-03 1.949478859618652233e-03 1.949478859618652233e-03
1.342076093967840226e-03 1.342076093967840226e-03 1.342076093967840226e-03
1.796609693533877472e-03 1.796609693533877472e-03 1.796609693533877472e-03
2.575272276051764325e-03 2.575272276051764325e-03 2.575272276051764325e-03
1.109145646612773707e-03 1.109145646612773707e-03 1.109145646612773707e-03
1.454276055809232459e-03 1.454276055809232459e-03 1.454276055809232459e-03
1.000000000000000021e-03 1.000000000000000021e-03 1.000000000000000021e-03
1.953246456057234574e-03 1.953246456057234574e-03 1.953246456057234574e-03
1.000000000000000021e-03 1.000000000000000021e-03 1.000000000000000021e-03
1.287577958998955370e-03 1.287577958998955370e-03 1.287577958998955370e-03
1.610074871240469493e-03 1.610074871240469493e-03 1.610074871240469493e-03
1.000000000000000021e-03 1.000000000000000021e-03 1.000000000000000021e-03
1.003986493235845944e-03 1.003986493235845944e-03 1.003986493235845944e-03
1.031317774169049004e-02 1.031317774169049004e-02 1.031317774169049004e-02
1.000000000000000021e-03 1.000000000000000021e-03 1.000000000000000021e-03
3.033283418360312005e-03 3.033283418360312005e-03 3.033283418360312005e-03
1.000000000000000021e-03 1.000000000000000021e-03 1.000000000000000021e-03
1.165126324910756772e-03 1.165126324910756772e-03 1.165126324910756772e-03
1.194324545548654725e-03 1.194324545548654725e-03 1.194324545548654725e-03
9.830321073525532388e-03 9.830321073525532388e-03 9.830321073525532388e-03
1.836734818039823620e-03 1.836734818039823620e-03 1.836734818039823620e-03
2.777035934697311918e-03 2.777035934697311918e-03 2.777035934697311918e-03
1.373737409114244743e-03 1.373737409114244743e-03 1.373737409114244743e-03
1.037362782540436536e-03 1.037362782540436536e-03 1.037362782540436536e-03
1.273611307149839214e-03 1.273611307149839214e-03 1.273611307149839214e-03
2.379378363291654707e-03 2.379378363291654707e-03 2.379378363291654707e-03
3.596629374469817193e-03 3.596629374469817193e-03 3.596629374469817193e-03
2.148728426046543020e-03 2.148728426046543020e-03 2.148728426046543020e-03
3.495748121647179654e-03 3.495748121647179654e-03 3.495748121647179654e-03
2.079400745647635128e-03 2.079400745647635128e-03 2.079400745647635128e-03
1.347419945748193392e-03 1.347419945748193392e-03 1.347419945748193392e-03
2.103919374619716426e-03 2.103919374619716426e-03 2.103919374619716426e-03
1.059384045092243674e-02 1.059384045092243674e-02 1.059384045092243674e-02
8.116157634632307355e-03 8.116157634632307355e-03 8.116157634632307355e-03
1.692192992362273867e-03 1.692192992362273867e-03 1.692192992362273867e-03
8.070872839668558410e-03 8.070872839668558410e-03 8.070872839668558410e-03
1.000000000000000021e-03 1.000000000000000021e-03 1.000000000000000021e-03
8.904055134341891040e-03 8.904055134341891040e-03 8.904055134341891040e-03
1.877840792346361027e-03 1.877840792346361027e-03 1.877840792346361027e-03
1.000000000000000021e-03 1.000000000000000021e-03 1.000000000000000021e-03
1.310017881595592444e-03 1.310017881595592444e-03 1.310017881595592444e-03
2.548193902315932288e-03 2.548193902315932288e-03 2.548193902315932288e-03
1.362084937366240785e-03 1.362084937366240785e-03 1.362084937366240785e-03
1.000000000000000021e-03 1.000000000000000021e-03 1.000000000000000021e-03
1.334128881705284051e-03 1.334128881705284051e-03 1.334128881705284051e-03
1.751469331332966345e-03 1.751469331332966345e-03 1.751469331332966345e-03
2.410018291839287428e-03 2.410018291839287428e-03 2.410018291839287428e-03
1.409774505692291350e-03 1.409774505692291350e-03 1.409774505692291350e-03
1.442244032402311381e-03 1.442244032402311381e-03 1.442244032402311381e-03
1.450814200199315165e-03 1.450814200199315165e-03 1.450814200199315165e-03
2.211744114064721507e-03 2.211744114064721507e-03 2.211744114064721507e-03
1.025792492904894831e-03 1.025792492904894831e-03 1.025792492904894831e-03
2.017678663687552578e-03 2.017678663687552578e-03 2.017678663687552578e-03
2.415397444003766162e-03 2.415397444003766162e-03 2.415397444003766162e-03
1.631730162434963773e-03 1.631730162434963773e-03 1.631730162434963773e-03
2.216723759898820822e-03 2.216723759898820822e-03 2.216723759898820822e-03
1.000000000000000021e-03 1.000000000000000021e-03 1.000000000000000021e-03
2.805122086095350638e-03 2.805122086095350638e-03 2.805122086095350638e-03
1.443398249791042268e-03 1.443398249791042268e-03 1.443398249791042268e-03
1.130876856293382398e-03 1.130876856293382398e-03 1.130876856293382398e-03
1.149460234544878896e-03 1.149460234544878896e-03 1.149460234544878896e-03
2.015916392462718983e-03 2.015916392462718983e-03 2.015916392462718983e-03
1.021736840189291055e-03 1.021736840189291055e-03 1.021736840189291055e-03
1.810918321322106846e-03 1.810918321322106846e-03 1.810918321322106846e-03
2.506792794029812262e-03 2.506792794029812262e-03 2.506792794029812262e-03
1.552883980405509942e-03 1.552883980405509942e-03 1.552883980405509942e-03
1.957604791447989552e-03 1.957604791447989552e-03 1.957604791447989552e-03
1.266055173639734407e-03 1.266055173639734407e-03 1.266055173639734407e-03
2.643013195956535766e-03 2.643013195956535766e-03 2.643013195956535766e-03
1.648375708568909810e-03 1.648375708568909810e-03 1.648375708568909810e-03
3.126138974677871493e-03 3.126138974677871493e-03 3.126138974677871493e-03
2.961406952885720176e-03 2.961406952885720176e-03 2.961406952885720176e-03
2.269533725592081438e-03 2.269533725592081438e-03 2.269533725592081438e-03
1.420923838951183849e-03 1.420923838951183849e-03 1.420923838951183849e-03
1.150338389301089077e-03 1.150338389301089077e-03 1.150338389301089077e-03
1.448758015059768180e-03 1.448758015059768180e-03 1.448758015059768180e-03
1.765729604979184540e-03 1.765729604979184540e-03 1.765729604979184540e-03
1.566515740552876495e-03 1.566515740552876495e-03 1.566515740552876495e-03
1.396597151400486188e-03 1.396597151400486188e-03 1.396597151400486188e-03
1.000000000000000021e-03 1.000000000000000021e-03 1.000000000000000021e-03
1.316069343044015509e-03 1.316069343044015509e-03 1.316069343044015509e-03
1.802863378323598395e-03 1.802863378323598395e-03 1.802863378323598395e-03
3.144085818501152728e-03 3.144085818501152728e-03 3.144085818501152728e-03
2.308812222659128045e-03 2.308812222659128045e-03 2.308812222659128045e-03
2.840474947557163760e-03 2.840474947557163760e-03 2.840474947557163760e-03
1.000000000000000021e-03 1.000000000000000021e-03 1.000000000000000021e-03
2.395570463710004500e-03 2.395570463710004500e-03 2.395570463710004500e-03
2.084880914848583500e-03 2.084880914848583500e-03 2.084880914848583500e-03
1.850483936433886369e-03 1.850483936433886369e-03 1.850483936433886369e-03
1.530243693631840474e-03 1.530243693631840474e-03 1.530243693631840474e-03
1.000000000000000021e-03 1.000000000000000021e-03 1.000000000000000021e-03
1.170163008259968119e-03 1.170163008259968119e-03 1.170163008259968119e-03
1.000000000000000021e-03 1.000000000000000021e-03 1.000000000000000021e-03
1.000000000000000021e-03 1.000000000000000021e-03 1.000000000000000021e-03
2.418620589612960250e-03 2.418620589612960250e-03 2.418620589612960250e-03
7.121213391789333116e-03 7.121213391789333116e-03 7.121213391789333116e-03
1.672539706225189453e-03 1.672539706225189453e-03 1.672539706225189453e-03
1.000000000000000021e-03 1.000000000000000021e-03 1.000000000000000021e-03
1.847365010115734106e-03 1.847365010115734106e-03 1.847365010115734106e-03
1.000000000000000021e-03 1.000000000000000021e-03 1.000000000000000021e-03
6.028295806486284360e-03 6.028295806486284360e-03 6.028295806486284360e-03
1.472452822673875599e-03 1.472452822673875599e-03 1.472452822673875599e-03
2.325530921015655800e-03 2.325530921015655800e-03 2.325530921015655800e-03
1.000000000000000021e-03 1.000000000000000021e-03 1.000000000000000021e-03
1.000000000000000021e-03 1.000000000000000021e-03 1.000000000000000021e-03
1.000000000000000021e-03 1.000000000000000021e-03 1.000000000000000021e-03
2.518486918568400065e-03 2.518486918568400065e-03 2.518486918568400065e-03
2.156485868119679527e-03 2.156485868119679527e-03 2.156485868119679527e-03
2.164253383270998803e-03 2.164253383270998803e-03 2.164253383270998803e-03
4.162508448531849342e-03 4.162508448531849342e-03 4.162508448531849342e-03
1.028244927339899304e-03 1.028244927339899304e-03 1.028244927339899304e-03
1.343688301876666460e-03 1.343688301876666460e-03 1.343688301876666460e-03
1.781721533742010441e-03 1.781721533742010441e-03 1.781721533742010441e-03
1.437350412703823372e-03 1.437350412703823372e-03 1.437350412703823372e-03
1.730662861247028120e-03 1.730662861247028120e-03 1.730662861247028120e-03
1.040393372960285402e-03 1.040393372960285402e-03 1.040393372960285402e-03
2.323036091734303425e-03 2.323036091734303425e-03 2.323036091734303425e-03
1.850901961342090200e-03 1.850901961342090200e-03 1.850901961342090200e-03
1.762141198457083504e-03 1.762141198457083504e-03 1.762141198457083504e-03
2.874332096957493525e-03 2.874332096957493525e-03 2.874332096957493525e-03
3.148533147149643833e-03 3.148533147149643833e-03 3.148533147149643833e-03
1.805194740907454728e-03 1.805194740907454728e-03 1.805194740907454728e-03
2.518558836537293597e-03 2.518558836537293597e-03 2.518558836537293597e-03
1.681699294315107916e-03 1.681699294315107916e-03 1.681699294315107916e-03
3.484653648298403558e-03 3.484653648298403558e-03 3.484653648298403558e-03
8.303218305145316364e-03 8.303218305145316364e-03 8.303218305145316364e-03
1.435457319254016678e-03 1.435457319254016678e-03 1.435457319254016678e-03
1.000000000000000021e-03 1.000000000000000021e-03 1.000000000000000021e-03
1.589629799607450954e-03 1.589629799607450954e-03 1.589629799607450954e-03
3.566631766372722456e-03 3.566631766372722456e-03 3.566631766372722456e-03
2.329324811205994109e-03 2.329324811205994109e-03 2.329324811205994109e-03
1.248236790476871250e-03 1.248236790476871250e-03 1.248236790476871250e-03
1.949184728495445681e-03 1.949184728495445681e-03 1.949184728495445681e-03
2.792546593022157339e-03 2.792546593022157339e-03 2.792546593022157339e-03
1.216979178827650365e-03 1.216979178827650365e-03 1.216979178827650365e-03
1.600984225593739393e-03 1.600984225593739393e-03 1.600984225593739393e-03
1.664519346387927611e-03 1.664519346387927611e-03 1.664519346387927611e-03
1.785354209813853205e-03 1.785354209813853205e-03 1.785354209813853205e-03
1.764689055301243894e-03 1.764689055301243894e-03 1.764689055301243894e-03
8.231466717116686996e-03 8.231466717116686996e-03 8.231466717116686996e-03
1.450361129719040685e-03 1.450361129719040685e-03 1.450361129719040685e-03
1.000000000000000021e-03 1.000000000000000021e-03 1.000000000000000021e-03
1.000000000000000021e-03 1.000000000000000021e-03 1.000000000000000021e-03
5.109668089768613919e-03 5.109668089768613919e-03 5.109668089768613919e-03
1.106067935571789602e-03 1.106067935571789602e-03 1.106067935571789602e-03
8.229358396989386662e-03 8.229358396989386662e-03 8.229358396989386662e-03
1.566669633617755837e-03 1.566669633617755837e-03 1.566669633617755837e-03
1.000000000000000021e-03 1.000000000000000021e-03 1.000000000000000021e-03
4.868708849684968455e-03 4.868708849684968455e-03 4.868708849684968455e-03
1.733651592477554546e-03 1.733651592477554546e-03 1.733651592477554546e-03
2.828256100037595741e-03 2.828256100037595741e-03 2.828256100037595741e-03
1.325897821591091527e-03 1.325897821591091527e-03 1.325897821591091527e-03
1.000000000000000021e-03 1.000000000000000021e-03 1.000000000000000021e-03
3.704134646715628951e-03 3.704134646715628951e-03 3.704134646715628951e-03
1.771974118405792060e-03 1.771974118405792060e-03 1.771974118405792060e-03
1.861437528497784238e-03 1.861437528497784238e-03 1.861437528497784238e-03
1.870987147711016116e-03 1.870987147711016116e-03 1.870987147711016116e-03
1.000000000000000021e-03 1.000000000000000021e-03 1.000000000000000021e-03
8.566843564213132145e-03 8.566843564213132145e-03 8.566843564213132145e-03
7.651255993508560178e-03 7.651255993508560178e-03 7.651255993508560178e-03
1.612066931023648907e-03 1.612066931023648907e-03 1.612066931023648907e-03
8.956372097992590375e-03 8.956372097992590375e-03 8.956372097992590375e-03
2.273624471499193552e-03 2.273624471499193552e-03 2.273624471499193552e-03
8.286257739619232177e-03 8.286257739619232177e-03 8.286257739619232177e-03
1.837834661225069919e-03 1.837834661225069919e-03 1.837834661225069919e-03
3.534682109058775827e-03 3.534682109058775827e-03 3.534682109058775827e-03
1.639080826377982327e-03 1.639080826377982327e-03 1.639080826377982327e-03
1.000000000000000021e-03 1.000000000000000021e-03 1.000000000000000021e-03
1.077042702635353389e-03 1.077042702635353389e-03 1.077042702635353389e-03
2.779379061211379939e-03 2.779379061211379939e-03 2.779379061211379939e-03
2.646675642027229800e-03 2.646675642027229800e-03 2.646675642027229800e-03
3.449263254797988419e-03 3.449263254797988419e-03 3.449263254797988419e-03
1.000000000000000021e-03 1.000000000000000021e-03 1.000000000000000021e-03
2.280534787325161523e-03 2.280534787325161523e-03 2.280534787325161523e-03
3.770128820796478722e-03 3.770128820796478722e-03 3.770128820796478722e-03
1.267912584092412620e-03 1.267912584092412620e-03 1.267912584092412620e-03
1.869492471528071305e-03 1.869492471528071305e-03 1.869492471528071305e-03
1.642139372708626690e-03 1.642139372708626690e-03 1.642139372708626690e-03
1.335312622010283081e-03 1.335312622010283081e-03 1.335312622010283081e-03
1.058990903124359690e-03 1.058990903124359690e-03 1.058990903124359690e-03
1.000000000000000021e-03 1.000000000000000021e-03 1.000000000000000021e-03
1.732416795375752100e-03 1.732416795375752100e-03 1.732416795375752100e-03
1.047778967530714261e-03 1.047778967530714261e-03 1.047778967530714261e-03
2.068655719930245166e-03 2.068655719930245166e-03 2.068655719930245166e-03
1.159452604378478522e-03 1.159452604378478522e-03 1.159452604378478522e-03
1.502843070383528667e-03 1.502843070383528667e-03 1.502843070383528667e-03
2.301958370800810411e-03 2.301958370800810411e-03 2.301958370800810411e-03
4.021801414652384672e-03 4.021801414652384672e-03 4.021801414652384672e-03
3.249297778382130835e-03 3.249297778382130835e-03 3.249297778382130835e-03
1.583289696202290573e-03 1.583289696202290573e-03 1.583289696202290573e-03
3.540961082389935174e-03 3.540961082389935174e-03 3.540961082389935174e-03
2.507180868166437957e-03 2.507180868166437957e-03 2.507180868166437957e-03
2.532943616802396658e-03 2.532943616802396658e-03 2.532943616802396658e-03
1.474483072062908115e-03 1.474483072062908115e-03 1.474483072062908115e-03
1.785864994281768751e-03 1.785864994281768751e-03 1.785864994281768751e-03
2.746377764110375600e-03 2.746377764110375600e-03 2.746377764110375600e-03
1.000000000000000021e-03 1.000000000000000021e-03 1.000000000000000021e-03
1.352394799568510612e-03 1.352394799568510612e-03 1.352394799568510612e-03
1.444876616081925596e-03 1.444876616081925596e-03 1.444876616081925596e-03
2.339345926920614535e-03 2.339345926920614535e-03 2.339345926920614535e-03
4.251610266710751859e-03 4.251610266710751859e-03 4.251610266710751859e-03
2.092171504083811025e-03 2.092171504083811025e-03 2.092171504083811025e-03
1.883350256696803568e-03 1.883350256696803568e-03 1.883350256696803568e-03
1.987105470401599912e-03 1.987105470401599912e-03 1.987105470401599912e-03
3.402081431432806523e-03 3.402081431432806523e-03 3.402081431432806523e-03
3.053223161070873094e-03 3.053223161070873094e-03 3.053223161070873094e-03
1.690748927369174889e-03 1.690748927369174889e-03 1.690748927369174889e-03
1.637169100612196693e-03 1.637169100612196693e-03 1.637169100612196693e-03
2.229330850771132650e-03 2.229330850771132650e-03 2.229330850771132650e-03
1.033097399958008951e-03 1.033097399958008951e-03 1.033097399958008951e-03
1.595372176390180740e-03 1.595372176390180740e-03 1.595372176390180740e-03
1.317867107905786430e-03 1.317867107905786430e-03 1.317867107905786430e-03
1.000000000000000021e-03 1.000000000000000021e-03 1.000000000000000021e-03
2.116886081984550340e-03 2.116886081984550340e-03 2.116886081984550340e-03
2.534059258857183482e-03 2.534059258857183482e-03 2.534059258857183482e-03
1.101855672127664398e-03 1.101855672127664398e-03 1.101855672127664398e-03
1.327370755817726357e-03 1.327370755817726357e-03 1.327370755817726357e-03
1.283599090799013558e-03 1.283599090799013558e-03 1.283599090799013558e-03
2.470623749845354562e-03 2.470623749845354562e-03 2.470623749845354562e-03
1.731558766458733516e-03 1.731558766458733516e-03 1.731558766458733516e-03
